0	4
10	14
20	34
30	68
40	116
50	179
60	256
70	347
80	452
89	558
97	662
104	766
111	870
117	972
123	1075
133	1239
146	1506
166	1958
197	2749
243	4195
293	6131
343	8445
393	11141
443	14223
493	17694
543	21554
572	23998
597	26160
620	28271
643	30496
670	33082
705	36767
755	42286
793	46697
814	49232
833	51640
853	54213
878	57468
915	62524
965	69631
984	72489
1002	75245
1023	78370
1053	83003
1097	90187
1117	93398
1134	96285
1152	99446
1178	103919
1217	110798
1240	115105
1258	118473
1278	122119
1307	127683
1350	136236
1369	140071
1391	144485
1424	151219
1460	158761
1482	163642
1517	171081
1567	182213
1598	189441
1646	200498
1677	207802
1723	218955
1759	227817
1809	240260
1859	252885
1909	265637
1959	278464
2009	291318
2059	304165
2109	316986
2159	329766
2209	342489
2240	350232
2286	361780
2336	374275
2386	386669
2436	398965
2486	411164
2536	423267
2586	435275
2636	447191
2686	459015
2736	470748
2786	482392
2836	493947
2886	505416
2936	516799
2986	528097
3036	539312
3086	550443
3136	561494
3186	572463
3236	583353
3286	594165
3336	604898
3386	615555
3436	626136
3486	636641
3536	647073
3586	657431
3636	667716
3686	677929
3736	688071
3786	698143
3836	708146
3886	718079
3936	727944
3986	737742
4036	747473
4086	757138
4136	766737
4186	776272
4236	785742
4286	795149
4336	804493
4386	813774
4436	822993
4486	832152
4536	841249
4586	850286
4636	859264
4686	868183
4736	877043
4786	885844
4836	894589
4886	903276
4936	911907
4986	920481
5036	929000
5086	937464
5136	945873
5186	954227
5236	962528
5286	970775
5336	978970
5386	987111
5436	995201
5486	1003238
5536	1011224
5586	1019159
5636	1027044
5686	1034877
5736	1042662
5786	1050396
5836	1058082
5886	1065718
5936	1073306
5986	1080846
6036	1088337
6086	1095782
6136	1103179
6186	1110529
6236	1117833
6286	1125090
6336	1132301
6386	1139467
6436	1146587
6486	1153663
6536	1160693
6586	1167679
6636	1174621
6686	1181518
6736	1188372
6786	1195183
6836	1201950
6886	1208675
6936	1215357
6986	1221996
7036	1228593
7086	1235149
7136	1241662
7186	1248134
7236	1254565
7286	1260955
7336	1267305
7386	1273614
7436	1279882
7486	1286110
7536	1292299
7586	1298448
7636	1304557
7686	1310627
7736	1316658
7786	1322651
7836	1328605
7886	1334520
7936	1340397
7986	1346236
8035	1352037
8086	1357800
8136	1363526
8186	1369215
8236	1374866
8286	1380480
8336	1386058
8386	1391599
8436	1397104
8486	1402572
8536	1408004
8586	1413401
8636	1418761
8686	1424086
8736	1429375
8786	1434629
8836	1439848
8886	1445032
8936	1450181
8986	1455295
9036	1460375
9086	1465420
9136	1470431
9186	1475408
9236	1480351
9286	1485260
9336	1490135
9386	1494977
9436	1499785
9486	1504560
9536	1509302
9586	1514010
9636	1518686
9686	1523329
9736	1527939
9786	1532516
9836	1537061
9886	1541574
9936	1546055
9986	1550503
10036	1554920
10086	1559304
10136	1563657
10186	1567978
10236	1572267
10286	1576525
10336	1580752
10386	1584947
10436	1589112
10486	1593245
10536	1597347
10586	1601419
10636	1605460
10686	1609470
10736	1613449
10786	1617399
10836	1621318
10886	1625206
10936	1629065
10986	1632893
11036	1636692
11086	1640460
11136	1644199
11186	1647907
11236	1651587
11286	1655236
11336	1658857
11386	1662448
11436	1666010
11486	1669542
11536	1673045
11586	1676520
11636	1679965
11686	1683381
11736	1686769
11786	1690127
11836	1693457
11886	1696758
11936	1700031
11986	1703276
12036	1706492
12086	1709680
12136	1712840
12186	1715972
12236	1719075
12286	1722150
12336	1725197
12386	1728217
12436	1731208
12486	1734172
12536	1737107
12586	1740015
12636	1742896
12686	1745749
12736	1748575
12786	1751373
12836	1754144
12886	1756887
12936	1759604
12986	1762293
13036	1764955
13086	1767590
13136	1770198
13186	1772779
13236	1775333
13286	1777860
13336	1780361
13386	1782834
13436	1785281
13486	1787701
13536	1790095
13586	1792462
13636	1794802
13686	1797116
13736	1799403
13786	1801664
13836	1803899
13886	1806108
13936	1808290
13986	1810445
14036	1812575
14086	1814678
14136	1816756
14186	1818807
14236	1820832
14286	1822831
14336	1824804
14386	1826752
14436	1828673
14486	1830569
14536	1832439
14586	1834283
14636	1836102
14686	1837894
14736	1839662
14786	1841403
14836	1843119
14886	1844809
14936	1846474
14986	1848113
15036	1849727
15086	1851316
15136	1852878
15186	1854415
15236	1855927
15286	1857414
15336	1858874
15386	1860310
15436	1861720
15486	1863106
15536	1864466
15586	1865800
15636	1867110
15686	1868395
15736	1869654
15786	1870889
15836	1872098
15886	1873283
15936	1874443
15986	1875577
16036	1876687
16086	1877772
16135	1878832
16186	1879867
16236	1880878
16286	1881863
16336	1882823
16386	1883759
16436	1884670
16486	1885556
16536	1886417
16586	1887253
16636	1888065
16686	1888852
16736	1889614
16786	1890351
16836	1891064
16886	1891752
16936	1892416
16986	1893055
17036	1893669
17086	1894259
17136	1894825
17186	1895365
17236	1895882
17240	1895924
17243	1895949
17244	1895959
17251	1896037
17260	1896115
17268	1896196
17277	1896278
17287	1896363
17297	1896449
17307	1896537
17318	1896627
17330	1896721
17342	1896817
17356	1896919
17371	1897023
17387	1897132
17404	1897241
17422	1897351
17442	1897465
17463	1897581
17486	1897699
17513	1897824
17546	1897963
17581	1898097
17620	1898225
17665	1898349
17729	1898484
17810	1898588
17917	1898621
18079	1898455
18255	1898001
18395	1897461
18504	1896945
18618	1896332
18740	1895606
18877	1894728
19033	1893655
19219	1892301
19458	1890500
19784	1887964
20284	1884008
20784	1880035
21284	1876064
21784	1872094
22284	1868124
22784	1864155
23284	1860188
23784	1856220
24284	1852253
24784	1848289
25284	1844324
25784	1840360
26284	1836398
26784	1832436
27284	1828474
27784	1824513
28284	1820553
28784	1816594
29284	1812635
29784	1808677
30284	1804719
30784	1800763
31284	1796807
31784	1792853
32284	1788900
32784	1784946
33284	1780994
33784	1777043
34284	1773092
34784	1769142
35284	1765193
35784	1761245
36284	1757300
36784	1753357
37284	1749411
37784	1745467
38284	1741524
38784	1737580
39284	1733637
39784	1729695
40284	1725753
40784	1721812
41284	1717872
41784	1713933
42284	1709994
42784	1706056
43284	1702119
43784	1698184
44284	1694249
44784	1690314
45284	1686381
45784	1682449
46284	1678518
46784	1674586
47284	1670655
47784	1666725
48284	1662796
48784	1658867
49284	1654939
49784	1651013
50284	1647087
50784	1643161
51284	1639236
51784	1635313
52284	1631390
52784	1627467
53284	1623545
53784	1619624
54284	1615705
54784	1611785
55284	1607866
55784	1603948
56284	1600031
56784	1596115
57284	1592199
57784	1588286
58284	1584373
58784	1580461
59284	1576549
59784	1572637
60284	1568725
60784	1564815
61284	1560905
61784	1556997
62284	1553089
62784	1549181
63284	1545275
63784	1541368
64284	1537463
64784	1533558
65284	1529656
65784	1525753
66284	1521850
66784	1517949
67284	1514048
67784	1510148
68284	1506249
68784	1502351
69284	1498454
69784	1494556
70284	1490660
70784	1486768
71284	1482874
71784	1478981
72284	1475090
72784	1471199
73284	1467308
73784	1463416
74284	1459527
74784	1455637
75284	1451749
75784	1447861
76284	1443973
76784	1440086
77284	1436201
77784	1432315
78284	1428431
78784	1424547
79284	1420664
79784	1416784
80284	1412903
80784	1409023
81284	1405143
81784	1401266
82284	1397389
82784	1393511
83284	1389635
83784	1385758
84284	1381883
84784	1378009
85284	1374135
85784	1370262
86284	1366390
86784	1362519
87284	1358648
87784	1354778
88284	1350909
88784	1347040
89284	1343173
89784	1339307
90284	1335441
90784	1331575
91284	1327711
91784	1323847
92284	1319983
92784	1316121
93284	1312259
93784	1308398
94284	1304538
94784	1300679
95284	1296820
95784	1292962
96284	1289107
96784	1285253
97284	1281397
97784	1277543
98284	1273689
98784	1269836
99284	1265983
99784	1262131
100284	1258280
100784	1254429
101284	1250579
101784	1246730
102284	1242881
102784	1239034
103284	1235187
103784	1231341
104284	1227496
104784	1223651
105284	1219807
105784	1215965
106284	1212122
106784	1208281
107284	1204440
107784	1200599
108284	1196760
108784	1192920
109284	1189082
109784	1185244
110284	1181407
110784	1177571
111284	1173736
111784	1169901
112284	1166067
112784	1162234
113284	1158401
113784	1154569
114284	1150738
114784	1146907
115284	1143077
115784	1139248
116284	1135420
116784	1131593
117284	1127766
117784	1123939
118284	1120113
118784	1116289
119284	1112464
119784	1108641
120284	1104819
120784	1100998
121284	1097178
121784	1093358
122284	1089538
122784	1085719
123284	1081903
123784	1078086
124284	1074269
124784	1070454
125284	1066638
125784	1062823
126284	1059009
126784	1055196
127284	1051383
127784	1047569
128284	1043759
128784	1039949
129284	1036140
129784	1032332
130284	1028522
130784	1024714
131284	1020907
131784	1017100
132284	1013294
132784	1009490
133284	1005685
133784	1001882
134284	998079
134784	994276
135284	990475
135784	986674
136284	982874
136784	979076
137284	975279
137784	971481
138284	967686
138739	964228
139239	960433
139739	956638
140239	952844
140739	949050
141239	945257
141739	941465
142239	937673
142739	933882
143239	930092
143739	926302
144239	922514
144739	918726
145239	914939
145739	911152
146239	907366
146739	903581
147239	899797
147739	896013
148239	892230
148739	888448
149239	884667
149739	880886
150239	877105
150739	873326
151239	869547
151739	865769
152239	861991
152739	858215
153239	854439
153739	850664
154239	846891
154739	843117
155239	839345
155739	835574
156239	831802
156739	828031
157239	824261
157739	820492
158239	816723
158739	812956
159239	809190
159739	805424
160239	801658
160739	797894
161239	794130
161739	790366
162239	786603
162739	782840
163239	779078
163739	775316
164239	771556
164739	767796
165239	764037
165739	760279
166239	756520
166739	752763
167239	749007
167739	745252
168239	741502
168628	738588
169128	734834
169628	731082
170128	727329
170628	723578
171128	719827
171628	716077
172128	712327
172628	708578
173128	704830
173628	701083
174128	697336
174628	693589
175128	689844
175628	686099
176128	682355
176628	678613
177128	674872
177628	671130
178128	667388
178628	663647
179128	659907
179628	656167
180128	652428
180628	648690
181128	644952
181628	641215
182128	637479
182628	633744
183128	630008
183628	626274
184128	622540
184628	618807
185128	615075
185628	611343
186128	607612
186628	603882
187128	600153
187628	596424
188128	592697
188628	588970
189128	585244
189628	581517
190128	577791
190628	574066
191128	570342
191628	566618
192128	562895
192628	559172
193128	555451
193628	551730
194128	548009
194628	544290
195128	540571
195628	536854
196128	533137
196628	529422
197128	525706
197628	521990
198128	518275
198628	514562
199128	510849
199628	507136
200128	503424
200628	499714
201128	496003
201628	492293
202128	488583
202628	484874
203128	481166
203628	477460
204128	473752
204628	470046
205128	466340
205628	462635
206128	458930
206628	455227
207128	451524
207628	447822
208128	444121
208628	440420
209128	436720
209628	433021
210128	429324
210628	425626
211128	421929
211628	418232
212128	414536
212628	410841
213128	407146
213628	403452
214128	399760
214628	396068
215128	392375
215628	388683
216128	384992
216628	381302
217128	377612
217628	373922
218128	370234
218628	366547
219128	362859
219628	359174
220128	355489
220628	351804
221128	348120
221628	344437
222128	340754
222628	337072
223128	333392
223628	329712
224128	326031
224628	322351
225128	318673
225628	314995
226128	311318
226628	307641
227128	303965
227628	300289
228128	296615
228628	292942
229128	289268
229628	285595
230128	281923
230628	278252
231128	274581
231628	270912
232128	267242
232628	263572
233128	259904
233628	256236
234128	252568
234628	248902
235128	245236
235628	241571
236128	237906
236628	234242
237128	230579
237628	226916
238128	223254
238628	219593
239128	215933
239628	212273
240128	208617
240550	205535
241050	201876
241550	198218
242050	194561
242550	190905
243050	187250
243550	183594
244050	179940
244550	176287
245050	172634
245550	168981
246050	165330
246550	161679
247050	158028
247550	154379
248050	150729
248550	147081
249050	143432
249550	139785
250050	136138
250550	132491
251050	128846
251550	125201
252050	121557
252550	117914
253050	114271
253550	110629
254050	106986
254550	103347
255050	99709
255550	96070
256050	92431
256550	88793
257050	85156
257550	81519
258050	77882
258550	74247
259050	70612
259550	66976
260050	63342
260550	59708
261050	56075
261550	52442
262050	48812
262550	45182
263050	41551
263550	37921
264050	34292
264550	30663
265050	27035
265550	23407
266050	19780
266550	16154
267050	12529
267550	8903
268050	5279
268550	1655