8	353974
45	353974
79	353718
116	352598
151	351649
188	352511
223	352598
258	352770
294	352598
329	353113
366	351995
401	352339
438	352857
473	352426
507	351306
544	351649
579	352598
616	352426
651	352511
688	351736
722	351736
757	351908
794	351824
829	352167
866	352254
901	351649
937	352254
972	351995
1007	351649
1044	351047
1079	351393
1116	352339
1150	351736
1187	351306
1222	351393
1259	351565
1294	351908
1331	351649
1366	352167
1400	351565
1437	351649
1472	351736
1509	352254
1544	351908
1581	352167
1615	352426
1652	352511
1687	351736
1722	351995
1759	352254
1794	352080
1830	351565
1865	351995
1902	351477
1937	351393
1974	351477
2009	350703
2045	351995
2080	352598
2115	352167
2152	351477
2187	351306
2224	351477
2258	351649
2295	351649
2330	351218
2367	351134
2402	351306
2439	351908
2473	351306
2510	351649
2545	351393
2580	351565
2617	351218
2652	351306
2689	351908
2723	351477
2760	351306
2795	351306
2832	351134
2867	351565
2902	351477
2938	351306
2973	350875
3010	351393
3045	351565
3082	351824
3117	351736
3153	350962
3188	351649
3225	352080
3260	351649
3295	351824
3332	352080
3366	351649
3403	351477
3438	352080
3475	352080
3510	351649
3547	351306
3581	351736
3618	351565
3653	351306
3688	351736
3725	350962
3760	351736
3796	351736
3831	350788
3868	350875
3903	350788
3940	350788
3975	350185
4012	351649
4046	350616
4081	350788
4118	351134
4153	350788
4190	351134
4225	350616
4261	350962
4296	350788
4333	350875
4368	350703
4405	350788
4440	350703
4474	350444
4511	350357
4546	350703
4583	350703
4618	351047
4655	351393
4689	351047
4726	351565
4761	350962
4798	351218
4833	350616
4868	350531
4904	350703
4939	350703
4976	350616
5011	350703
5048	350357
5083	350616
5120	350703
5154	350703
5191	350703
5226	350444
5261	350357
5298	350273
5332	350703
5369	350962
5404	350273
5441	350531
5476	350357
5513	350962
5548	350616
5582	350531
5619	350273
5654	350185
5691	350531
5726	350531
5763	350101
5797	350101
5834	350444
5869	350703
5906	350101
5941	349498
5976	350273
6012	349755
6047	350101
6084	349411
6119	349498
6156	349670
6191	349670
6227	350101
6262	350101
6299	350444
6334	350101
6369	350357
6406	350357
6440	350703
6477	350185
6512	350531
6549	350357
6584	350444
6621	350531
6656	350616
6692	350788
6727	350616
6762	350531
6799	350616
6834	350531
6871	350788
6905	350444
6942	351047
6977	350014
7014	350875
7049	350875
7086	350185
7120	350703
7155	350273
7192	350444
7227	350788
7264	351218
7299	350444
7335	350962
7370	350875
7407	351047
7442	350962
7479	350703
7514	350616
7548	350703
7585	350703
7620	351995
7657	351134
7692	351477
7729	351134
7763	350962
7800	351908
7835	351393
7872	351824
7907	350962
7944	351908
7979	351736
8013	352080
8050	350875
8085	351995
8122	351393
8157	351824
8194	351649
8228	351565
8265	350875
8300	351565
8335	351047
8372	350875
8407	351134
8443	350875
8478	351134
8515	350273
8550	350875
8587	348463
8622	349926
8658	350185
8693	349755
8728	350788
8765	349583
8800	347776
8837	346742
8871	346742
8908	343384
8943	343471
8980	342697
9015	343300
9052	344333
9086	343730
9121	344504
9158	343384
9193	343128
9230	344504
9265	343902
9302	343384
9336	343471
9373	343815
9408	343987
9445	343987
9480	344158
9515	344158
9551	343212
9586	343041
9623	343815
9658	343556
9695	343556
9730	344589
9766	343902
9801	344504
9838	344589
9873	344417
9908	343902
9945	343815
9979	344333
10016	344246
10051	345107
10088	344333
10123	345020
10160	344333
10194	344761
10231	344504
10266	344417
10303	344676
10338	345450
10375	345622
10409	346396
10446	345881
10481	345709
10518	345881
10553	345794
10590	345794
10625	345622
10659	345366
10696	346396
10731	346396
10768	346914
10803	346827
10840	346999
10874	346827
10911	346571
10946	347345
10983	346742
11018	346742
11055	346225
11089	346571
11126	346742
11161	346999
11198	347517
11233	347086
11270	346571
11304	346999
11341	346999
11376	346312
11413	346140
11448	346225
11485	346827
11520	346655
11556	346827
11591	347173
11626	346999
11663	347429
11698	347604
11735	346396
11769	345968
11806	346396
11841	345968
11878	346655
11913	347173
11950	346571
11984	346140
12021	344246
12056	344417
12093	346742
12128	345538
12165	345107
12199	343556
12236	342179
12271	341492
12308	342956
12343	344417
12380	344246
12414	344333
12451	343212
12486	343128
12521	342354
12558	342869
12593	343384
12630	343556
12664	343730
12701	340977
12736	343300
12773	343643
12808	343730
12845	343212
12879	343212
12916	343730
12951	343471
12988	343643
13023	343730
13060	343300
13094	343128
13131	343384
13166	343643
13203	343384
13238	344158
13275	344676
13309	344333
13346	344246
13381	344417
13418	344333
13453	343730
13490	344417
13524	344158
13561	343902
13596	344246
13633	343902
13668	345366
13703	345538
13740	345191
13774	345191
13811	345450
13846	345450
13883	345968
13918	345794
13955	346571
13989	345622
14026	345622
14061	345450
14098	345020
14133	345107
14170	345279
14204	345279
14241	346140
14276	345279
14313	346053
14348	345279
14385	345450
14419	345279
14456	345794
14491	346396
14528	346312
14563	345881
14600	346396
14635	346571
14671	346827
14706	346225
14741	346827
14778	346742
14813	346655
14850	346571
14884	346484
14921	346914
14956	346914
14993	346571
15028	346742
15065	346396
15099	346484
15136	346655
15171	346140
15208	345538
15243	346312
15280	347776
15314	347258
15351	346914
15386	347429
15423	347086
15458	347776
15493	347345
15529	347517
15564	347688
15601	347258
15636	346999
15673	346742
15708	346655
15745	345881
15779	345279
15816	344676
15851	345107
15888	345279
15923	344074
15960	345279
15994	344158
16031	344504
16066	345366
16103	345107
16138	345107
16175	345450
16209	344504
16246	345279
16281	345366
16318	345279
16353	345538
16390	344676
16424	345020
16461	345366
16496	345622
16531	345191
16568	345538
16603	344761
16640	344761
16674	345279
16711	345020
16746	344761
16783	345191
16818	345538
16855	345279
16889	345622
16926	345622
16961	345366
16998	345279
17033	345450
17070	345107
17104	344589
17141	345191
17176	345538
17213	345538
17248	345881
17285	345968
17319	346571
17356	346655
17391	346312
17428	345794
17463	345538
17500	345709
17534	345279
17569	346312
17606	345968
17641	346571
17678	346225
17713	346225
17750	345450
17784	346053
17821	345794
17856	346914
17893	347086
17928	347258
17965	346742
17999	346914
18036	347345
18071	347345
18108	347345
18143	346655
18180	347086
18214	346999
18251	347258
18286	347345
18323	346484
18358	346742
18393	346571
18429	346827
18464	347345
18501	347604
18536	346742
18573	347517
18608	346742
18644	347429
18679	347776
18716	348291
18751	347776
18788	347258
18823	347517
18860	347173
18894	347688
18931	346742
18966	347173
19003	346827
19038	347345
19075	347345
19109	347688
19146	347517
19181	347517
19218	347517
19253	347086
19290	347688
19324	347604
19361	347258
19396	347517
19433	347345
19468	348119
19505	347517
19539	347517
19574	347776
19611	347345
19646	347517
19683	348206
19718	347860
19755	348550
19789	348809
19826	349152
19861	348980
19898	349498
19933	347947
19970	348378
20004	348119
20041	348378
20076	347429
20113	348463
20148	348378
20185	348291
20219	347517
20256	347517
20291	347860
20328	347258
20363	348032
20400	348032
20434	348378
20471	348206
20506	347860
20543	347688
20578	347688
20615	347517
20649	348291
20686	347947
20721	347688
20758	348291
20793	348378
20828	348980
20865	348722
20899	348378
20936	348206
20971	347604
21008	347517
21043	347947
21080	348378
21114	347947
21151	348032
21186	348378
21223	348637
21258	348463
21295	348206
21329	348291
21366	348378
21401	347776
21438	347258
21473	348032
21510	347947
21544	348291
21581	348206
21616	348032
21653	348206
21688	348291
21725	348119
21760	348291
21796	348550
21831	348206
21868	348893
21903	348378
21940	348809
21975	348980
22011	349152
22046	348550
22081	348637
22118	347947
22153	348809
22190	348119
22224	348032
22261	348463
22296	348463
22333	348206
22368	348291
22405	348378
22439	348980
22476	348550
22511	349068
22548	348378
22583	347860
22620	348893
22654	348637
22691	348291
22726	348032
22763	349239
22798	348722
22835	349239
22870	348980
22906	348809
22941	348032
22978	348809
23013	348893
23050	348722
23085	348722
23121	348722
23156	348809
23191	348893
23228	349068
23263	348893
23300	349152
23334	348980
23371	349152
23406	349324
23443	349583
23478	348980
23515	349583
23549	349324
23586	348980
23621	348722
23658	348893
23693	349152
23730	349324
23764	349411
23801	350616
23836	349411
23873	349239
23908	349068
23945	348980
23980	348637
24016	348893
24051	349068
24088	349152
24123	349152
24160	349239
24195	349152
24229	348893
24266	350357
24301	349068
24338	348893
24373	348980
24410	348809
24444	348809
24481	348893
24516	348980
24553	349411
24588	349755
24625	349239
24659	349152
24696	350014
24731	349152
24768	349670
24803	350014
24840	349926
24875	350101
24911	349583
24946	349926
24983	349670
25018	350273
25055	350014
25090	350101
25126	350273
25161	349498
25198	349583
25233	350014
25270	349670
25305	348980
25341	348550
25376	349068
25411	348119
25448	348809
25483	347776
25520	348378
25554	348032
25591	346396
25626	349842
25663	349068
25698	349755
25735	348893
25769	349152
25806	347688
25841	349152
25878	346312
25913	347517
25950	346999
25985	347429
26021	347517
26056	348722
26093	348378
26128	348550
26165	348893
26200	349411
26236	348463
26271	348463
26308	348809
26343	347947
26380	347947
26415	348378
26449	347429
26486	348206
26521	348463
26558	349583
26593	348550
26630	349583
26664	349926
26701	348722
26736	348722
26773	348119
26808	349152
26845	348980
26880	349068
26916	348463
26951	349498
26988	348637
27023	349239
27060	349842
27095	350101
27131	350185
27166	349411
27203	350101
27238	349583
27275	349324
27310	349324
27346	349411
27381	349411
27418	348809
27453	349755
27490	350101
27525	349411
27559	349583
27596	350185
27631	350101
27668	349926
27703	349324
27740	349755
27774	350185
27811	350444
27846	349239
27883	349755
27918	350273
27955	349583
27990	346312
28026	348637
28061	349583
28098	349926
28133	350101
28170	349411
28205	349926
28241	350444
28276	350185
28313	349755
28348	350101
28385	350273
28420	349755
28456	349239
28491	349411
28528	349498
28563	349498
28600	349842
28635	349755
28669	349755
28706	349498
28741	350185
28778	350273
28813	349842
28850	347258
28884	350703
28921	349842
28956	349755
28993	349670
29028	349498
29065	349670
29100	350101
29136	350014
29171	349842
29208	349842
29243	349755
29280	349755
29315	349068
29351	350101
29386	349670
29423	348550
29458	349324
29495	349324
29530	349324
29566	349498
29601	349755
29638	349755
29673	349670
29708	349583
29745	349498
29779	349755
29816	349926
29851	349498
29888	349411
29923	349670
29960	349411
29995	348980
30031	349411
30066	349842
30103	349583
30138	349152
30175	348637
30210	349498
30246	348722
30281	349498
30318	349926
30353	349324
30390	349755
30425	350273
30461	350444
30496	350531
30533	350875
30568	350703
30605	350273
30640	350616
30676	350185
30711	350531
30748	350703
30783	350703
30818	350703
30855	350703
30889	349755
30926	349755
30961	350444
30998	350273
31033	350444
31070	350101
31105	350444
31141	351047
31176	350788
31213	350531
31248	349842
31285	349411
31320	350444
31356	350531
31391	350444
31428	350273
31463	350703
31500	349842
31535	350875
31571	350616
31606	350616
31643	350616
31678	350273
31715	350531
31750	350616
31787	350444
31821	349842
31858	350101
31893	350357
31930	350703
31965	350703
32002	350703
32036	350703
32071	350185
32108	350101
32143	350101
32180	349926
32215	350014
32251	350616
32286	350962
32323	350531
32358	350703
32395	350357
32430	350014
32466	350273
32501	350185
32538	349926
32573	349926
32610	350616
32645	350185
32681	350703
32716	350273
32753	350531
32788	350703
32825	350616
32860	350444
32897	350616
32931	350101
32968	350703
33003	350875
33040	350962
33075	350875
33112	350616
33146	350703
33181	350703
33218	350703
33253	349670
33290	350185
33325	350101
33361	350444
33396	350273
33433	350444
33468	350531
33505	350444
33540	351134
33576	350616
33611	350444
33648	350273
33683	350357
33720	350788
33755	350875
33792	350703
33826	350703
33863	350357
33898	350616
33935	350616
33970	350703
34007	350273
34041	350703
34078	351047
34113	350875
34150	350444
34185	350703
34222	350531
34256	351218
34293	350616
34328	350703
34365	350703
34400	350616
34437	350703
34471	351134
34506	350875
34543	350703
34578	350703
34615	350875
34650	350875
34686	350788
34721	350875
34758	350703
34793	350788
34830	351047
34865	350962
34902	350788
34936	351306
34973	351134
35008	350962
35045	351134
35080	351218
35117	350788
35151	350703
35188	350962
35223	351908
35260	350703
35295	350101
35332	349324
35366	349842
35403	348893
35438	350616
35473	349926
35510	350273
35545	349068
35581	347345
35616	349498
35653	349411
35688	350357
35725	350185
35760	349842
35796	350273
35831	349755
35868	348893
35903	343128
35940	343471
35975	347086
36012	344761
36046	347860
36083	347345
36118	347173
36155	347345
36190	347604
36227	348378
36261	348550
36298	348378
36333	348378
36370	348463
36405	347345
36442	348032
36476	347947
36511	347604
36548	348550
36583	347860
36620	348637
36655	347688
36691	346999
36726	347258
36763	347688
36798	348463
36835	347860
36870	345709
36907	345020
36941	346225
36978	343384
37013	345450
37050	344676
37085	344074
37122	346655
37156	345622
37193	343902
37228	342095
37265	340375
37300	343815
37337	341149
37371	340718
37408	340203
37443	338308
37480	337621
37515	338567
37552	336847
37586	336675
37621	333922
37658	335814
37693	337278
37730	338480
37765	342008
37801	336675
37836	338137
37873	332720
37908	332289
37945	335040
37980	336504
38017	339426
38051	340116
38088	340890
38123	340287
38160	339685
38195	339944
38232	339944
38266	339944
38303	340375
38338	340028
38375	340028
38410	339857
38447	339857
38481	340890
38516	340546
38553	341149
38588	340631
38625	340546
38660	340375
38696	340546
38731	339685
38768	340718
38803	339857
38840	341149
38875	341233
38912	341923
38946	342354
38983	341492
39018	341579
39055	341664
39090	341149
39127	341321
39161	342354
39198	342697
39233	341405
39270	342610
39305	343128
39342	342525
39376	343212
39413	343815
39448	343815
39483	343556
39520	343384
39555	343556
39591	343384
39626	343471
39663	343471
39698	343730
39735	343815
39770	343815
39806	344246
39841	343556
39878	344158
39913	343815
39950	344504
39985	343815
40022	344333
40056	343987
40093	344676
40128	344246
40165	344074
40200	344761
40237	344246
40271	344504
40308	344333
40343	344589
40380	345020
40415	344504
40450	344676
40486	345366
40521	344676
40558	344589
40593	345191
40630	344333
40665	344333
40701	345107
40736	345191
40773	344333
40808	344504
40845	344589
40880	344676
40916	345622
40951	345794
40988	345881
41023	346571
41060	345881
41095	345366
41132	345794
41166	345622
41203	345622
41238	345709
41275	345366
41310	345794
41347	345366
41381	345450
41416	345366
41453	345622
41488	346140
41525	346396
41560	346312
41596	345622
41631	346484
41668	346140
41703	346140
41740	346484
41775	346571
41811	346484
41846	346225
41883	346053
41918	345709
41955	345968
41990	346396
42027	347258
42061	347086
42098	346999
42133	346225
42170	346827
42205	346571
42242	346484
42276	347086
42313	346571
42348	346484
42385	346571
42420	346225
42457	346312
42491	346742
42528	346999
42563	346140
42598	346396
42635	346484
42670	346571
42706	346914
42741	346655
42778	346655
42813	347258
42850	346396
42885	346484
42921	346914
42956	346742
42993	347086
43028	347086
43065	346914
43100	347086
43137	346827
43171	347258
43208	346655
43243	345968
43280	343987
43315	343902
43352	346655
43386	347517
43423	347604
43458	346914
43495	347345
43530	347860
43567	346742
43601	346225
43638	342956
43673	341233
43708	339857
43745	341923
43780	340116
43816	342008
43851	343300
43888	345450
43923	345968
43960	345794
43995	345709
44032	345279
44066	345107
44103	344761
44138	344676
44175	345191
44210	345191
44247	345107
44281	345191
44318	345538
44353	345709
44390	345709
44425	346140
44462	345191
44496	345366
44533	346484
44568	345794
44605	346396
44640	345450
44677	345538
44711	346140
44746	346484
44783	346396
44818	346312
44855	346742
44890	346999
44926	346742
44961	346312
44998	346396
45033	346140
45070	345968
45105	346053
45142	346484
45176	346655
45213	346999
45248	346999
45285	347173
45320	347429
45357	347258
45391	346999
45428	346827
45463	347173
45500	347517
45535	347517
45572	347086
45606	347429
45643	348032
45678	347604
45715	346827
45750	346999
45787	347258
45821	347086
45856	347173
45893	347173
45928	346827
45965	347258
46000	347517
46036	346827
46071	346742
46108	347258
46143	347429
46180	347345
46215	347258
46252	347429
46286	346827
46323	346827
46358	347173
46395	347173
46430	347258
46467	347086
46501	347688
46538	348119
46573	347860
46610	348291
46645	348119
46682	347947
46716	348119
46753	348032
46788	347173
46825	346999
46860	347086
46897	346999
46931	347258
46968	347258
47003	347086
47040	347429
47075	347429
47110	347086
47147	346484
47181	347086
47218	347173
47253	347688
47290	347086
47325	347688
47362	347688
47396	347604
47433	348032
47468	348032
47505	348463
47540	347947
47577	347258
47611	347429
47648	347086
47683	347345
47720	347258
47755	347258
47792	347173
47826	347688
47863	347688
47898	347688
47935	347688
47970	347860
48007	347688
48041	348463
48078	348119
48113	347517
48150	348206
48185	347860
48222	347947
48257	348809
48293	348378
48328	348980
48363	348032
48400	347776
48435	348550
48472	348378
48506	347173
48543	347517
48578	346827
48615	347517
48650	346742
48687	347776
48721	347429
48758	348119
48793	347429
48830	348291
48865	348378
48902	348291
48936	348291
48973	347604
49008	347860
49045	347429
49080	347688
49117	346827
49152	347258
49188	346999
49223	347776
49260	347776
49295	347688
49332	347776
49367	347776
49401	348119
49438	348119
49473	348463
49510	348550
49545	348550
49582	348206
49616	348206
49653	348119
49688	347947
49725	348291
49760	348291
49797	348809
49831	348809
49868	348722
49903	348893
49940	348378
49975	348291
50012	348722
50046	348809
50083	348893
50118	349152
50155	348637
50190	349324
50227	348893
50262	349068
50296	349239
50333	349068
50368	349411
50405	348893
50440	348722
50477	349239
50511	349926
50548	349068
50583	349239
50620	348378
50655	348722
50692	348637
50726	349152
50763	348809
50798	349239
50835	348119
50870	349411
50907	348550
50941	349583
50978	349068
51013	348980
51050	349239
51085	348722
51122	348463
51156	349239
51193	349926
51228	349068
51265	349411
51300	349068
51335	349583
51372	349583
51406	348637
51443	349583
51478	349152
51515	349239
51550	349498
51587	349670
51621	349842
51658	349068
51693	349152
51730	349324
51765	349498
51802	349068
51836	348980
51873	349239
51908	349583
51945	349498
51980	349324
52017	349324
52051	349583
52088	349324
52123	348893
52160	348809
52195	348206
52230	348980
52267	347688
52301	348463
52338	348119
52373	348722
52410	348291
52445	349152
52482	347947
52516	348032
52553	348809
52588	347860
52625	347688
52660	347947
52697	347429
52731	348378
52768	348291
52803	346999
52840	347947
52875	347776
52912	348291
52946	347776
52983	347688
53018	347258
53055	347688
53090	347776
53127	347688
53161	348206
53198	347604
53233	347086
53270	346742
53305	347517
53342	347776
53377	348463
53413	347776
53448	347517
53485	346571
53520	346140
53555	345191
53592	345881
53626	344158
53663	344761
53698	345020
53735	346140
53770	345881
53807	344158
53841	345538
53878	345622
53913	346571
53950	345622
53985	344589
54022	345366
54056	345709
54093	345622
54128	345366
54165	345538
54200	345538
54237	345020
54272	345709
54308	345709
54343	345020
54380	343471
54415	344333
54450	344333
54487	343987
54521	345538
54558	344417
54593	344676
54630	345191
54665	345366
54702	345450
54736	345191
54773	345622
54808	345191
54845	344761
54880	344246
54917	344246
54951	344074
54988	345107
55023	345191
55060	345107
55095	345622
55132	344676
55166	345538
55203	345191
55238	344676
55275	344504
55310	345366
55347	345107
55382	345020
55418	345191
55453	345020
55490	345279
55525	345450
55560	345366
55597	345538
55631	345107
55668	345279
55703	344676
55740	345366
55775	345538
55812	345622
55846	345366
55883	344676
55918	345794
55955	345968
55990	346484
56027	346655
56061	346914
56098	347086
56133	346914
56170	345622
56205	346053
56242	346571
56276	346827
56313	346396
56348	346655
56385	346140
56420	346742
56457	346655
56492	346999
56528	346914
56563	347345
56598	347173
56635	347517
56670	347086
56707	346999
56741	347086
56778	348463
56813	348378
56850	348032
56885	347429
56922	347345
56956	347173
56993	347860
57028	347604
57065	347173
57100	347776
57137	346999
57171	347860
57208	347860
57243	347517
57280	347947
57315	347776
57352	347429
57387	347776
57423	347517
57458	348032
57493	347258
57530	347776
57565	347860
57602	348119
57636	347860
57673	347345
57708	348291
57745	348463
57780	348119
57817	348378
57851	348291
57888	348119
57923	347947
57960	347173
57995	348119
58032	348032
58066	347860
58103	348637
58138	348291
58175	347860
58210	348291
58247	348722
58281	348893
58318	349068
58353	348980
58390	348722
58425	349324
58462	349411
58497	349068
58531	348980
58568	348722
58603	348809
58640	348463
58675	348463
58712	348550
58746	348550
58783	348637
58818	348550
58855	348291
58890	348722
58927	348206
58961	348550
58998	348637
59033	349152
59070	348722
59105	348722
59142	348722
59176	348893
59213	348637
59248	348893
59285	349324
59320	349152
59355	349152
59392	349411
59426	349152
59463	348893
59498	349411
59535	348893
59570	349068
59607	348119
59641	348463
59678	348809
59713	348980
59750	349068
59785	348637
59822	348980
59856	349324
59893	349152
59928	349670
59965	349670
60000	349068
60037	349411
60071	348893
60108	349670
60143	348809
60180	349068
60215	349324
60252	349755
60286	349583
60323	349498
60358	349755
60393	349842
60430	348980
60465	349411
60502	348980
60536	349068
60573	349068
60608	349152
60645	348637
60680	348722
60717	349152
60751	348980
60788	349670
60823	349411
60860	349068
60895	348893
60932	349498
60966	349755
61003	349583
61038	349583
61075	349068
61110	348893
61147	349583
61181	350185
61218	349842
61253	349498
61290	350185
61325	350014
61362	349926
61396	349755
61431	349583
61468	349842
61503	349239
61540	349670
61575	350014
61612	349152
61646	349842
61683	349670
61718	349926
61755	349670
61790	349068
61827	350185
61861	349583
61898	349842
61933	349324
61970	349068
62005	348980
62042	349583
62076	349755
62113	349068
62148	349324
62185	349670
62220	349926
62257	349324
62291	350014
62328	350101
62363	350101
62398	350531
62435	350185
62470	350185
62507	350357
62541	349755
62578	349926
62613	350444
62650	349926
62685	350014
62722	350616
62756	350101
62793	350357
62828	350185
62865	350101
62900	350273
62937	349755
62971	349842
63008	349842
63043	349926
63080	350185
63115	350703
63152	350185
63186	349755
63223	350273
63258	349583
63295	349583
63330	350703
63365	350703
63401	350788
63436	351134
63473	351218
63508	350444
63545	350444
63580	349842
63617	349670
63651	350101
63688	350703
63723	351218
63760	351218
63795	351134
63832	351306
63866	350014
63903	350703
63938	350703
63975	350531
64010	349842
64047	349498
64081	349926
64118	350273
64153	350014
64190	350014
64225	350616
64262	350185
64296	350101
64333	349583
64368	349583
64405	350444
64440	350703
64475	351393
64512	350703
64546	350703
64583	350531
64618	350273
64655	350357
64690	350875
64727	350616
64761	351047
64798	350185
64833	350185
64870	350357
64905	350788
64942	350531
64976	350444
65013	350703
65048	350703
65085	350273
65120	349755
65157	350357
65191	351047
65228	350616
65263	350703
65300	350357
65335	351908
65372	350444
65406	350273
65443	349926
65478	350101
65515	350273
65550	350357
65585	349583
65622	349670
65656	350531
65693	349670
65728	349842
65765	348291
65800	346827
65837	345622
65871	346140
65908	346225
65943	344676
65980	344158
66015	343300
66052	344761
66086	342697
66123	345191
66158	346914
66195	347604
66230	348637
66267	347429
66301	347947
66338	348119
66373	347604
66410	347688
66445	348119
66482	347604
66516	347776
66551	348119
66588	348463
66623	347688
66660	347947
66695	348291
66732	348637
66766	348378
66803	348980
66838	348722
66875	348032
66910	348291
66947	348550
66981	348550
67018	348722
67053	348206
67090	348722
67125	348893
67162	348378
67196	349152
67233	348637
67268	348722
67305	348550
67340	348637
67377	348032
67411	348378
67446	348637
67483	348809
67518	348637
67555	349239
67590	348809
67627	349498
67661	349583
67698	349755
67733	349498
67770	349239
67805	349324
67842	349583
67876	349670
67913	349411
67948	349498
67985	349670
68020	349842
68057	348980
68091	349324
68128	348893
68163	349755
68200	349239
68235	349755
68272	349239
68306	349583
68343	349498
68378	350014
68413	349842
68450	349842
68485	350101
68521	350014
68556	349926
68593	350014
68628	349755
68665	349755
68700	349152
68737	349498
68771	349755
68808	350101
68843	349755
68880	349411
68915	349842
68952	349670
68986	349583
69023	349926
69058	350185
69095	349498
69130	349926
69167	349842
69201	349583
69238	349755
69273	350101
69310	350101
69345	349842
69382	349755
69416	350101
69453	350273
69488	350101
69523	350101
69560	349926
69595	350014
69632	350185
69666	349926
69703	349239
69738	349926
69775	349411
69810	349926
69847	349842
69881	349926
69918	350185
69953	349926
69990	350703
70025	350185
70062	350101
70096	350185
70133	349498
70168	349411
70205	349755
70240	349411
70277	349670
70311	349239
70348	350101
70383	350101
70420	349670
70455	349239
70490	350357
70526	349842
70561	349670
70598	350273
70633	349842
70670	350185
70705	349498
70742	349842
70776	349583
70813	349324
70848	348980
70885	349498
70920	349926
70957	349239
70991	350273
71028	349411
71063	349583
71100	350185
71135	349842
71172	350101
71206	349670
71243	349926
71278	350101
71315	349755
71350	350703
71387	350014
71421	349583
71458	349670
71493	349411
71528	349842
71565	349152
71600	349152
71636	349411
71671	349583
71708	349498
71743	349239
71780	349583
71815	349498
71852	349670
71886	350014
71923	349411
71958	349583
71995	349926
72030	349842
72067	349583
72101	348980
72138	349411
72173	350101
72210	349583
72245	349670
72282	349926
72316	349670
72353	349068
72388	350014
